tau <-
150
ksi <-
0.1
sigma <-
c(0.6, 0.6, 0.6, 0.6, 0.6)
lambda <-
c(0.2, 0.2, 0.2, 0.2, 0.2)
mu <-
c(0, 0, 0, 0, 0)
mu_t <-
structure(c(-18.7647732492903, -18.2499485205934, -3.84532847107844, 
21.1184304797291, -0.33372568996936, -18.7251486581671, -18.3214698311445, 
-3.8706040872179, 21.0707034095321, -0.370894659299778, -18.9071792068465, 
-18.297189585515, -3.86809496790261, 21.104126144082, -0.371329531749156
), .Dim = c(5L, 3L))
alpha_s <-
structure(c(-0.755640460591158, -1.10882207956251, 0.204067730212208, 
0.330671975739445, -0.0219350280927105, 0.286891285750512, -1.8482001072613, 
-0.7683803780811, 0.750877924949925, -0.656974996097646, 0.625419099122393, 
-2.17585222998079, -0.525706992864117, 0.408636303115449, -0.422618014867059, 
0.321215638745102, -1.30173264448761, -1.14244284321233, 0.0196463821885772, 
0.374895576191828, 0.1393942439735, -1.63635207413672, -0.186406087053596, 
-0.764012089726928, -0.430018323540068, -0.864430887083115, -1.24381284298254, 
-0.00779590616985401, -0.414356720674378, 1.18291976210165, -0.480534612978665, 
-1.17920567296428, -0.965660186845706, -0.11308693307348, 0.658507128516785
), .Dim = c(5L, 7L))
alpha_t <-
structure(c(0.0333979546038738, -0.496371969642772, 0.115788122635803, 
1.80557370799772, 0.260867012880355, 0.975573708836097, 0.0243300513275375, 
-0.532701487424692, 0.297827521749834, 0.185695472171686, 0.614125253448156, 
1.1363097392629, 0.691864148576778, 0.857517267525133, 0.182570824900186, 
1.03812622291658, -0.0258910647078948, -0.353077455519027, 0.196863534022896, 
-0.843434534825558, 0.537935443424966, 1.04865765073864, 0.756630696442553, 
0.928769618778962, 0.713822414129724, 0.477597021629286, 0.206821820548325, 
-0.460045139210266, 0.300568827339333, -0.252807677419046, -0.0928412568472335, 
0.636228595512646, 0.495451388239779, 0.391672741942714, 0.573839264497928, 
1.53585188020735, 0.16948070725699, -0.221544202909513, 0.182403573560921, 
-1.33144593355339, 0.14972189099618, 0.522566352228042, -0.0144162631232251, 
0.717489250946762, 0.399107501375689, 0.936466276480412, 0.105661323648253, 
-0.496463069255607, 0.812434602904645, 0.410084785492634, 0.726897134653727, 
0.569347527373229, 0.124890753989416, 0.588759101330959, 0.585242366879166, 
1.47263002362402, -0.316333952231263, -0.390507809934404, 0.56377914600821, 
0.0527312786138363, 0.046545017425712, 0.684145682680807, 0.279368911624044, 
0.709555436434462, 0.277238676185188, 1.26332429390863, -0.349061194191126, 
-0.219047869728757, 0.684924481767611, 0.40807846605071), .Dim = c(10L, 
7L))
g <-
structure(c(-18.4007223479544, -19.7942197082301, -4.50907718362025, 
21.7645002324372, -0.938160930226251, -18.147889369778, -18.9175180455726, 
-3.86837369414619, 20.1400641021241, 0.317382468127199, -17.7902124191843, 
-18.5266063035299, -2.52922680421113, 21.2007495821248, -0.52333004459601, 
-18.5699639598959, -19.6757633960115, -5.07654053480885, 21.5813224721822, 
-0.351896085616874, -19.2788107292563, -19.5271471181683, -4.34057236895082, 
21.5509501523742, -0.115493253192038, -17.3608841327925, -20.4930729053625, 
-3.81858558965456, 20.9215755018437, -1.0521255371602, -18.432417534344, 
-19.9554820487717, -4.83063873977752, 21.2721345608893, -1.06817030060047, 
-18.82310636979, -19.0520353170254, -4.38520515709331, 21.6452207686341, 
-0.0516180881076469, -18.2023659340899, -18.3256015003405, -3.79521432034986, 
20.8065089104824, -1.45355865412949, -18.7844729380179, -20.30097785741, 
-4.87915615915348, 21.427696954989, -0.63747944720794, -19.1621471844933, 
-18.9604932943308, -4.26243198135155, 20.8181629248522, -0.285998996239325, 
-18.1972400870825, -18.0802569491463, -3.53228212483828, 21.2192364377259, 
0.243427769964232, -19.5707446540821, -19.7036751729599, -6.09910906123021, 
21.4810289582676, 0.533572211775586, -19.3324446874839, -19.8331888836382, 
-4.24386982117277, 20.1348611689576, -0.456180333373194, -18.8937668214338, 
-19.2385776615108, -3.40439877428771, 19.8636486144701, 0.497978570534438, 
-19.0465568939592, -18.7667012291868, -4.44959318424437, 20.9400673028679, 
-0.615010826593602, -18.343035207247, -19.1270958150675, -4.24069397767247, 
20.9448008421259, 0.94600164165036, -18.254432594494, -18.2551524637332, 
-2.70285460736342, 21.5211901208755, 1.06132227229497, -17.9594595969802, 
-20.0455791147503, -4.76520121248205, 21.7641754761694, -0.591672414825011, 
-17.5717403812432, -19.0030402923083, -3.62268235268229, 21.6385273637483, 
-0.774742862265518, -17.3526022960471, -17.9970296278474, -3.20422758759858, 
22.3253839149652, -2.07198913502735, -18.5145441812975, -18.7531909776171, 
-4.59397567211087, 21.9288539763788, -0.514017079964022, -18.7849394728003, 
-18.7139524000826, -4.59049501322423, 21.3370113847804, -0.704064331704609, 
-17.3834394529499, -19.1246110031959, -3.33597424665273, 21.1758880396849, 
-1.62678440131192, -18.3109494956969, -20.2024061028886, -4.87640091987957, 
20.709949544038, -1.14074495309753, -18.3182194763337, -19.4916355186521, 
-4.89570032165326, 21.4951097685787, 1.86472914791421, -17.9930706601763, 
-20.0801180676065, -3.52741926357737, 20.4152096362778, -1.19540210082622, 
-19.5407549471327, -19.0262866205076, -4.95248523064367, 21.750978018163, 
-0.291439019185057, -19.5833954092754, -19.0064465689243, -4.25152980773812, 
20.2533353482257, 0.328879525299682, -17.5653663925137, -19.1426896077885, 
-3.54041623223573, 21.0550850143372, 0.0934763351685597, -18.9136279507642, 
-19.8668038885854, -4.6168891620129, 21.4904061919349, -0.261228660712212, 
-18.439335156487, -19.5292700746935, -4.06554741900181, 19.5822067021232, 
1.48004356485218, -18.1137671921849, -18.8036187230497, -3.16277028676298, 
20.7276421955764, 0.826810657495692, -19.3163066525465, -18.2706833665636, 
-3.65273162496684, 21.2321367595909, 1.73379733700615, -19.5773643409025, 
-18.6092795536262, -4.8529913944986, 20.3059314097234, 3.11549873900585, 
-19.0390314051704, -19.0981310596117, -2.45353726774262, 20.2147667076467, 
1.40456968482604, -17.8109214067996, -20.3715828267575, -4.60344126115865, 
21.8689053542175, -1.45875087127664, -18.7160153445358, -19.7491721223142, 
-4.8504323527749, 20.9147192032447, -0.0268649479877106, -17.4229929678378, 
-19.954305419345, -3.88255392588841, 21.5478756586864, -0.957050409740302, 
-18.1104877428535, -20.235299687793, -4.41002462797487, 21.6481315666955, 
-0.482817910343454, -17.8230399050325, -19.3704774220481, -4.27455345890845, 
22.1695220851934, -0.66497399545895, -17.8352204616381, -19.3830801000856, 
-3.82770537164462, 20.7039931217528, -1.3867782848988, -18.4199975221277, 
-19.9248678309505, -4.73765264488885, 21.2479869425562, 0.0992343347603679, 
-18.5187403704322, -18.9905198810303, -4.769015462758, 21.8168430769489, 
1.20017923022499, -17.9928558534192, -19.8704223735698, -2.60717375484695, 
21.7529600586293, -0.362419632068752, -19.290628201257, -19.44189603234, 
-4.50180481191958, 20.4114069980556, -0.165981588472327, -18.7203530929874, 
-20.0353086895591, -3.85848844903308, 20.7052556239424, 0.481584806921058, 
-18.0060527087233, -18.9581691441545, -3.86599007920174, 21.6863104571266, 
-0.0263183035282054, -18.8872575658858, -20.1436712009012, -4.6849645027807, 
21.1928860172875, 1.07031111778705, -19.7223507742028, -19.2845302900728, 
-3.88556719532026, 20.8917731061248, 0.689746879834112, -18.8865307444728, 
-18.8962365075646, -4.15611711268392, 19.9791206846462, 1.42692823295269, 
-18.8681105128288, -20.3437978968433, -4.48440783999415, 20.8122265902145, 
0.0417091504574417, -19.4310238270644, -20.686253451052, -3.77699428991985, 
20.9382662649079, 1.59610485758961, -18.3975724268283, -20.0740682121282, 
-3.12977523803639, 19.6837406486639, 0.30429759037419, -20.0770835429983, 
-19.1043143400662, -3.97445172247701, 20.8999722678229, 0.931653426995452, 
-18.1629395630564, -20.0039877235746, -3.16596390727807, 20.4142493875535, 
1.48137152278946, -19.4566662827063, -19.8976162854054, -2.81564132963305, 
