K <-
6L
N <-
40L
T <-
3L
N_cores <-
12L
N_knots <-
7L
gamma <-
0.268013859110514
psi <-
0.211089772
phi <-
c(39.7889332, 9.0852368, 69.7952056, 35.7469476, 13.8717952, 
10.67651152)
rho <-
c(0.1029649208, 0.190742277, 0.0980833318, 0.1114806348, 0.2307407217
)
eta <-
c(0.764452678, 1.37840385, 0.6339798, 0.827735597, 1.652860657
)
y <-
structure(c(66, 173, 75, 428, 335, 0, 329, 36, 42, 175, 145, 
0, 0, 0, 26, 1555, 1097, 661, 363, 0, 148, 409, 0, 0, 533, 144, 
0, 0, 118, 143, 0, 0, 60, 12, 79, 113, 2, 3, 2, 9, 8, 0, 2, 0, 
0, 3, 4, 0, 0, 0, 1, 28, 17, 14, 8, 0, 2, 5, 0, 0, 23, 3, 0, 
0, 8, 1, 0, 0, 1, 2, 0, 1, 12, 21, 5, 42, 58, 0, 39, 5, 5, 29, 
19, 0, 0, 0, 8, 162, 152, 101, 66, 0, 32, 43, 0, 0, 86, 28, 0, 
0, 27, 23, 0, 0, 5, 6, 9, 17, 56, 189, 59, 283, 336, 0, 166, 
22, 31, 166, 105, 0, 0, 0, 28, 1159, 857, 704, 405, 0, 128, 222, 
0, 0, 375, 87, 0, 0, 77, 70, 0, 0, 33, 28, 38, 56, 49, 206, 93, 
320, 291, 0, 102, 14, 13, 133, 73, 0, 0, 0, 57, 1670, 954, 769, 
228, 0, 64, 298, 0, 0, 598, 181, 0, 0, 118, 88, 0, 0, 84, 15, 
95, 52, 488, 1201, 517, 1569, 1552, 0, 1073, 127, 140, 801, 580, 
0, 0, 0, 174, 10068, 7948, 5431, 1455, 0, 449, 1550, 0, 0, 1929, 
674, 0, 0, 497, 511, 0, 0, 174, 180, 390, 204), .Dim = c(36L, 
6L))
idx_cores <-
c(26L, 19L, 40L, 12L, 29L, 29L, 15L, 19L, 26L, 19L, 19L, 19L)
d <-
structure(c(0, 0.024, 0.0339411254969543, 0.053665631459995, 
0.0758946638440411, 0.0989545350148238, 0.048, 0.053665631459995, 
0.0678822509939086, 0.0865332306111358, 0.10733126291999, 0.151789327688082, 
0.0720000000000001, 0.0758946638440412, 0.0865332306111358, 0.101823376490863, 
0.12, 0.139942845476287, 0.160996894379985, 0.227683991532123, 
0.0960000000000001, 0.0989545350148239, 0.10733126291999, 0.12, 
0.135764501987817, 0.173066461222272, 0.193494185959165, 0.21466252583998, 
0.236372587243107, 0.258487910742456, 0.280912797857271, 0.303578655376164, 
0.12, 0.122376468326227, 0.129243955371228, 0.139942845476287, 
0.153674981698388, 0.169705627484771, 0.18744599222176, 0.206455806409023, 
0.024, 0, 0.024, 0.048, 0.072, 0.096, 0.024, 0.0339411254969543, 
0.053665631459995, 0.0758946638440411, 0.0989545350148238, 0.145986300727157, 
0.048, 0.053665631459995, 0.0678822509939086, 0.0865332306111358, 
0.10733126291999, 0.129243955371228, 0.151789327688082, 0.221269066975029, 
0.0720000000000001, 0.0758946638440412, 0.0865332306111358, 0.101823376490863, 
0.12, 0.160996894379985, 0.182778554540734, 0.205056089887621, 
0.227683991532123, 0.250567356213853, 0.273642102023793, 0.296863605044472, 
0.0960000000000001, 0.0989545350148239, 0.10733126291999, 0.12, 
0.135764501987817, 0.153674981698388, 0.173066461222272, 0.193494185959165, 
0.0339411254969543, 0.024, 0, 0.024, 0.048, 0.072, 0.0339411254969543, 
0.024, 0.0339411254969543, 0.053665631459995, 0.0758946638440411, 
0.122376468326227, 0.053665631459995, 0.048, 0.053665631459995, 
0.0678822509939086, 0.0865332306111357, 0.10733126291999, 0.129243955371228, 
0.197909070029648, 0.0758946638440412, 0.0720000000000001, 0.0758946638440412, 
0.0865332306111358, 0.101823376490863, 0.139942845476287, 0.160996894379985, 
0.182778554540734, 0.205056089887621, 0.227683991532123, 0.250567356213853, 
0.273642102023793, 0.0989545350148239, 0.0960000000000001, 0.0989545350148239, 
0.10733126291999, 0.12, 0.135764501987817, 0.153674981698388, 
0.173066461222272, 0.053665631459995, 0.048, 0.024, 0, 0.024, 
0.048, 0.053665631459995, 0.0339411254969543, 0.024, 0.0339411254969543, 
0.053665631459995, 0.0989545350148239, 0.0678822509939086, 0.053665631459995, 
0.048, 0.053665631459995, 0.0678822509939086, 0.0865332306111358, 
0.10733126291999, 0.174722637342732, 0.0865332306111358, 0.0758946638440412, 
0.0720000000000001, 0.0758946638440412, 0.0865332306111358, 0.12, 
0.139942845476287, 0.160996894379985, 0.182778554540734, 0.205056089887621, 
0.227683991532123, 0.250567356213853, 0.10733126291999, 0.0989545350148239, 
0.0960000000000001, 0.0989545350148239, 0.10733126291999, 0.12, 
0.135764501987817, 0.153674981698388, 0.0758946638440411, 0.072, 
0.048, 0.024, 0, 0.024, 0.0758946638440411, 0.053665631459995, 
0.0339411254969543, 0.024, 0.0339411254969543, 0.0758946638440411, 
0.0865332306111358, 0.0678822509939086, 0.053665631459995, 0.048, 
0.053665631459995, 0.0678822509939086, 0.0865332306111358, 0.151789327688082, 
0.101823376490863, 0.0865332306111358, 0.0758946638440412, 0.0720000000000001, 
0.0758946638440412, 0.101823376490863, 0.12, 0.139942845476287, 
0.160996894379985, 0.182778554540734, 0.205056089887621, 0.227683991532123, 
0.12, 0.10733126291999, 0.0989545350148239, 0.0960000000000001, 
0.0989545350148239, 0.10733126291999, 0.12, 0.135764501987817, 
0.0989545350148238, 0.096, 0.072, 0.048, 0.024, 0, 0.0989545350148238, 
0.0758946638440411, 0.053665631459995, 0.0339411254969543, 0.024, 
0.053665631459995, 0.10733126291999, 0.0865332306111357, 0.0678822509939086, 
0.053665631459995, 0.048, 0.053665631459995, 0.0678822509939086, 
0.129243955371228, 0.12, 0.101823376490863, 0.0865332306111358, 
0.0758946638440412, 0.0720000000000001, 0.0865332306111358, 0.101823376490863, 
0.12, 0.139942845476287, 0.160996894379985, 0.182778554540734, 
0.205056089887621, 0.135764501987817, 0.12, 0.10733126291999, 
0.0989545350148239, 0.0960000000000001, 0.0989545350148239, 0.10733126291999, 
0.12, 0.048, 0.024, 0.0339411254969543, 0.053665631459995, 0.0758946638440411, 
0.0989545350148238, 0, 0.024, 0.048, 0.072, 0.096, 0.144, 0.024, 
0.0339411254969543, 0.053665631459995, 0.0758946638440411, 0.0989545350148238, 
0.122376468326227, 0.145986300727157, 0.217329243315298, 0.048, 
0.053665631459995, 0.0678822509939086, 0.0865332306111358, 0.10733126291999, 
0.151789327688082, 0.174722637342732, 0.197909070029648, 0.221269066975029, 
0.244752936652454, 0.268328157299975, 0.291972601454315, 0.0720000000000001, 
0.0758946638440412, 0.0865332306111358, 0.101823376490863, 0.12, 
0.139942845476287, 0.160996894379985, 0.182778554540734, 0.053665631459995, 
0.0339411254969543, 0.024, 0.0339411254969543, 0.053665631459995, 
0.0758946638440411, 0.024, 0, 0.024, 0.048, 0.072, 0.12, 0.0339411254969543, 
0.024, 0.0339411254969543, 0.053665631459995, 0.0758946638440411, 
0.0989545350148238, 0.122376468326227, 0.193494185959165, 0.053665631459995, 
0.048, 0.053665631459995, 0.0678822509939086, 0.0865332306111357, 
0.129243955371228, 0.151789327688082, 0.174722637342732, 0.197909070029648, 
0.221269066975029, 0.244752936652454, 0.268328157299975, 0.0758946638440412, 
0.0720000000000001, 0.0758946638440412, 0.0865332306111358, 0.101823376490863, 
0.12, 0.139942845476287, 0.160996894379985, 0.0678822509939086, 
0.053665631459995, 0.0339411254969543, 0.024, 0.0339411254969543, 
0.053665631459995, 0.048, 0.024, 0, 0.024, 0.048, 0.096, 0.053665631459995, 
0.0339411254969543, 0.024, 0.0339411254969543, 0.053665631459995, 
0.0758946638440411, 0.0989545350148239, 0.169705627484771, 0.0678822509939086, 
0.053665631459995, 0.048, 0.053665631459995, 0.0678822509939086, 
0.10733126291999, 0.129243955371228, 0.151789327688082, 0.174722637342732, 
0.197909070029648, 0.221269066975029, 0.244752936652454, 0.0865332306111358, 
0.0758946638440412, 0.0720000000000001, 0.0758946638440412, 0.0865332306111358, 
0.101823376490863, 0.12, 0.139942845476287, 0.0865332306111358, 
0.0758946638440411, 0.053665631459995, 0.0339411254969543, 0.024, 
0.0339411254969543, 0.072, 0.048, 0.024, 0, 0.024, 0.072, 0.0758946638440411, 
0.053665631459995, 0.0339411254969543, 0.024, 0.0339411254969543, 
0.053665631459995, 0.0758946638440411, 0.145986300727157, 0.0865332306111358, 
0.0678822509939086, 0.053665631459995, 0.048, 0.053665631459995, 
0.0865332306111358, 0.10733126291999, 0.129243955371228, 0.151789327688082, 
0.174722637342732, 0.197909070029648, 0.221269066975029, 0.101823376490863, 
0.0865332306111358, 0.0758946638440412, 0.0720000000000001, 0.0758946638440412, 
0.0865332306111358, 0.101823376490863, 0.12, 0.10733126291999, 
