tau <-
150
mu <-
c(0, 0, 0, 0, 0)
omega <-
0.5
ksi <-
0.1
mu_t <-
structure(c(0.0367868049515862, 0.191146719347213, -0.124998112378423, 
0.00838133835980061, -0.0839562719272267, 0.00887677412689283, 
-0.0645559611459095, -0.0264013625754727, -0.0237082727501746, 
-0.0159029441005919, -0.138460795937947, -0.0986018658981662, 
-0.124743343218151, -0.125939150166527, -0.2459828349746), .Dim = c(5L, 
3L))
alpha <-
structure(c(-1.81635749521321, 1.84766626962292, -0.000250264528378571, 
-0.534592587383603, -2.90591817387675, -1.80571700750191, 1.91079719228056, 
0.129121070147623, -0.652318610930754, -2.71466760379454, -1.86396434867688, 
1.93385921825176, 0.177841982815161, -0.601333336557817, -3.04624964369534, 
-0.13107014149041, -0.664643116471569, -0.651534307523342, -0.655423411093816, 
-0.195601693789317, -0.297207076201771, -0.552372299861115, -0.616025474964045, 
-0.804439283046599, -0.157869114696333, -0.26535038137428, -0.650363397481263, 
-0.448611399627986, -0.782576242758904, -0.455472761779614, -0.0632035444413292, 
0.616335277546903, 0.0958356664666624, -0.0588374178292839, 2.02839104076684, 
-0.153044479094127, 0.378799539553433, -0.00628524819741939, 
-0.0879611843441983, 1.74646479901067, -0.119998836557299, 0.706272618742141, 
0.00854859975093344, -0.180116046066138, 1.57115512082504, -1.42806547383508, 
0.933161169025917, 0.270218800596846, -1.54166269101746, -0.426843439453931, 
-1.43775637276051, 1.01290088962942, 0.258818069181812, -1.38013689548709, 
-0.603742404982147, -1.50971579848262, 1.10509404957571, 0.35994532348018, 
-1.39595491864613, -0.743225395625628, -1.85141297376127, 0.905179780460873, 
-0.365464212434153, -1.19359428007369, 0.600578135022346, -1.98829329863973, 
1.05678397883605, -0.316405326319483, -1.1402924158413, 0.292231730401431, 
-1.86083920883686, 1.18802762727626, -0.298404506037119, -1.16219831600035, 
0.180830290565865, -0.358095229000311, 1.1938769488239, 0.562954833917694, 
-0.105433656355633, -1.17139217148792, -0.429235166515469, 1.28577192388036, 
0.586717318032265, -0.0530429975937827, -1.05861498112985, -0.474539809305423, 
1.16242850910307, 0.643386670865394, -0.088334533903112, -1.32950208298531, 
-0.644550715693204, 1.6235490432298, 0.0981425627174058, 0.0265643444730822, 
2.62982083807246, -0.61116710312401, 1.75425598033045, 0.145419976378389, 
0.0657417643963993, 2.43588360070672, -0.668782790260501, 1.65628166729497, 
0.0829224295124531, 0.0558252775004043, 2.32145454931691, 0.132208025064604, 
0.906983099777518, 0.976968017748369, -0.358520485854092, 0.275670312650565, 
0.0465310229013988, 1.0484753101105, 1.03159444672497, -0.417818566065379, 
0.231004991864196, -0.0348229389452085, 1.07788336847227, 1.02371895648834, 
-0.420315920215623, 0.213300464469175, 0.124760215220845, -2.00321613968442, 
0.545310239262742, -1.23371565139739, -1.32506121831484, -0.00347901050869612, 
-2.06034276471082, 0.538383542305, -1.36579025092773, -1.48866620353646, 
-0.110011574217162, -1.98938274649713, 0.728159551182937, -1.38211957291818, 
-1.60806853658367, -0.0741786422696802, 0.7568418776153, 0.567025856628511, 
-0.693213447556346, 0.531692228680475, -0.185737328770183, 0.692378963895992, 
0.531248856903781, -0.645685934029707, 0.431640211799771, -0.200713473256449, 
0.951764585604474, 0.606736921388377, -0.619491684005042, 0.304753500006386, 
-0.440552196898122, 0.137080226982876, 0.246212135536034, 0.0647383405692805, 
-0.685162121126622, -0.609987206432518, 0.173123698869924, 0.288995717333379, 
0.0364382184547551, -1.09182557878383, -0.640513589494792, 0.255967947676271, 
0.361538180462697, 0.0622557282546579, -1.4644252184441, -0.410184645286647, 
2.22153663177659, 0.240511507713123, -0.195080508384516, 0.288778250947578, 
-0.58506773321892, 2.20240816272862, 0.14567960962102, -0.251757198506846, 
0.0756792240781962, -0.582268237684081, 2.27774421535196, 0.173926263970403, 
-0.374454822233348, 0.0442209492820323, 0.34544965727713, -0.359550778404471, 
0.148676517608561, -0.330967054417175, 0.348297491996578, 0.17032853936279, 
-0.445077082672223, 0.0963523566019518, -0.404889429739351, -0.00393078604229465, 
0.149348469200234, -0.21438856916238, 0.119454465480652, -0.52432412838719, 
0.0668252978704404, -0.427229779137969, 1.33293903500823, 0.76019995004876, 
-1.61306085761092, -0.514561650115579, -0.382714912367715, 1.52972891579336, 
0.792452879459931, -1.64814513707375, -0.359581630807167, -0.436803563282855, 
1.69653483840567, 0.885998863849569, -1.70648724507191, -0.49011530344279, 
-0.908497454058613, 0.887914722922498, -0.453745351750443, -0.285527315703685, 
0.181117949942883, -0.957350906201859, 0.989797956154089, -0.458780128870585, 
-0.257932615633268, 0.256252836476825, -0.940979763496072, 1.02934793667128, 
-0.530470073322376, -0.400886692192865, 0.300978965669398, -0.492485969251709, 
1.73176402932467, 0.458190670812784, -1.93751010549382, -0.480928324310759, 
-0.613824616893455, 1.80029497247034, 0.413840670629617, -1.91345530808391, 
-0.565888349069703, -0.820700332982244, 1.85265175134137, 0.610207579191921, 
-1.8423008267725, -0.546563378396801, 1.00959948994094, -0.00884211795250008, 
0.879428794919635, 0.222815710010045, 0.150099630528995, 0.923933200216992, 
-0.117983020415606, 0.807146672167081, 0.210357821086725, -0.194816066979694, 
0.783474639589481, 0.00983522231313379, 0.806435665529199, 0.188337491804716, 
-0.200349496876738), .Dim = c(5L, 51L))
