tau <-
150
ksi <-
0.1
sigma <-
c(0.6, 0.6, 0.6, 0.6, 0.6)
lambda <-
c(0.2, 0.2, 0.2, 0.2, 0.2)
mu <-
c(0, 0, 0, 0, 0)
mu_t <-
structure(c(-6.44926205496823, -11.3569185802312, -22.6399183130711, 
4.48352321375428, -6.7890141097417, -6.41404526966255, -11.3658532160013, 
-22.5432252556593, 4.46820951874834, -6.80601311219754, -6.47644563133642, 
-11.357918443998, -22.6473521261091, 4.30378485346645, -6.6723010328472
), .Dim = c(5L, 3L))
alpha_s <-
structure(c(0.170990084019175, 0.219768588426279, -0.44367265566046, 
0.447621113564294, 1.14910978347843, 0.438838588993472, 0.135827914704553, 
0.365738901254226, 0.807256467835519, 1.39340357848499, 0.355192358897222, 
-0.420656038864471, 0.151268085025172, -0.0444724302464371, 1.7678163300686, 
0.732865639450322, -0.0874354227787117, 0.0866532414668214, 1.65312444219292, 
1.82051773408736, 0.378890555060468, -0.230383540127728, 0.393785741681881, 
0.12982649546925, -2.39510404484343, -0.582431271807181, 0.302517293272552, 
-0.596187374378952, 1.45485498356539, 1.92280425960307, 0.506683745093174, 
-0.0321735247617141, -0.0235764543225826, 0.797206895295673, 
2.13230026607228, 0.626884776178108, 0.567845131903077, -0.374226797676465, 
0.180123944209139, 2.37970744020128, 0.162432663946461, -1.3664418298571, 
-0.334303242990611, 1.33379168023207, 2.67554282680399, 0.473544288185625, 
0.311657096128195, -0.525206867740693, 0.253053598968764, 3.00401300686229, 
0.741512870853007, -1.66768224957548, -0.280167370042418, 0.961334749108623, 
0.353667415937969, -0.390841049119908, 0.556557558165817, 0.0112635665712883, 
-0.82993279975888, -0.97942397746547, -0.465233492563812, 2.40496458208401, 
-0.471256000591638, -0.296716632639791, -2.1070035603336, 0.106652211002475, 
0.542813572046614, -0.216375808857537, -0.335729672423225, 0.0757356806899642, 
-0.00497944086125127, -0.365816875917864, -0.150351451118133, 
0.861774729284144, 1.33636543722034, 0.603018575436805, 2.18145570032429, 
-0.856274990836427, 0.242062890169046, -2.03129621772706, 0.555994099276554, 
1.47278245070479, 1.24830545391949, -0.310106187003648, -3.55559986657932
), .Dim = c(5L, 17L))
alpha_t <-
structure(c(-0.201746024960325, 0.30425381736384, -0.388080494225362, 
0.239434545832789, -0.10275812334951, -0.511829792233551, -0.0414562181500123, 
0.174205682693861, 0.71429239159295, -0.328793921271031, -0.445431853911776, 
-0.15035104049634, -0.788244248076191, 0.391156990760722, 0.175127474029333, 
0.438063167258907, 0.0659534560948759, -0.463994641144653, 0.696842491006094, 
0.430496552182815, 0.0578962633189455, -0.0916368748246965, 0.207372766567378, 
1.35570608489619, 0.763996988659969, 0.715401128082798, -0.463046342806893, 
-0.988982797139518, 1.52045245460107, 0.910299008810455, 0.117863920748952, 
0.562114995011182, -0.157411051272444, 0.57650078780294, -0.015516904600482, 
0.192137174104809, 0.346912619546286, 0.0690208482130697, 0.56380992378991, 
0.385665333160849, 0.113978229069657, 0.172363880280375, 0.337868366786536, 
-0.148187080197628, -0.0194190946712007, 0.199548445970301, -0.0418096284293784, 
0.77836208264964, 0.919239277932318, 0.799712881493703, -0.0619294380967798, 
0.67085377945046, 0.471503142644941, 1.64955283687015, -0.0333219469400493, 
0.0623150719530004, -0.182684005693788, -0.227539175063595, 1.44404591681349, 
1.51923540409503, -0.269948773488706, 0.388384271711463, -0.279223143610268, 
0.934566729135191, 0.459127793684661, 0.435295703840133, 0.540682040628753, 
0.355284430523966, 0.786633911322165, 0.490939074134289, -0.641528599491842, 
0.0360383804759482, -0.393821546046269, 0.404401995273365, -0.313841806623264, 
-0.601285505156793, 0.400830320772794, 0.0776381106709981, 0.203042969618451, 
-0.213859051104658, 0.0225857722483887, -0.102358167620235, 0.0660117538914899, 
0.701858318266428, 0.720084090753207, 0.986697104586058, -0.498829499542877, 
-0.607173946368467, 0.983617284526061, 0.500275945361645, 0.45431149661205, 
1.30791852102068, 0.759405408957701, 1.51311615607912, 0.291716854876956, 
0.715289073764442, -0.411071896930365, -0.329305508849, 0.80715444367579, 
0.273665590288653, 0.0606673699575694, 0.0901270026355475, 0.486739072712609, 
0.327770678272419, 0.0929450124014585, -0.436129824559749, 0.389861927855585, 
0.892217835506904, 0.460292420632812, -0.0103968297394165, 0.497700803763592, 
-0.139766753601036, 0.441021510087289, 0.222197642802938, -0.275576317972936, 
-0.681050641024917, -0.330429978869982, 0.294377059861099, 0.617058592777731, 
1.11166261845364, 0.732771536527718, 0.257680311946499, 0.015534709878874, 
-0.710515504163161, -0.517234457228268, -1.37222677181856, -0.00868978094824661, 
0.781905848499, 0.455346888370234, 0.4779389064731, -0.11661625099211, 
0.564056711517729, 0.244070629980024, 0.469391876137699, -0.754124877643483, 
-1.28690994768323, 0.0993906589270122, 0.694215834167243, 0.534409868404039, 
-0.126861755854496, -0.188096763225516, 0.626976527266417, 0.771404813188719, 
1.64010604050372, 0.854115847633204, 1.63825005783895, -0.442194967728542, 
0.283346104441047, 0.374512663807663, 0.589264364644126, 0.630037555588988, 
0.499957873700965, 0.112876063135292, -0.652148421933805, 0.0312971799417798, 
-0.339741922510897, 0.0213508881885751, 0.415768780828911, 0.276899816152309, 
0.765667367537332, -0.261097455076555, -0.214827080971112, 0.811340259758497, 
-0.163409911124729, 0.0184650096350437, -0.284209689949604, 0.296261123762114, 
0.45745975144292, 0.53095776686922, 0.239979116252445), .Dim = c(10L, 
17L))
