tau <-
150
mu <-
c(0, 0, 0, 0, 0)
omega <-
0.5
ksi <-
0.1
mu_t <-
structure(c(0.0460995789985364, -0.00804472190470251, 0.0155933823978668, 
0.0646239383156781, -0.0543356325198054, 0.0384180747269956, 
-0.0384842226896479, -0.078421902308939, -0.0869477956900226, 
-0.0877733518857449, -0.100534329375313, 0.0450182212323836, 
0.0160524597726568, -0.049519109002445, -0.0398315575521436), .Dim = c(5L, 
3L))
alpha <-
structure(c(-1.74058694639012, 0.401159811695853, 0.929558942024456, 
-0.0595149227739671, -0.753830657961723, -1.78109324415146, 0.473307620868175, 
0.825480466350153, -0.150795271493253, -0.877029901731412, -1.71561972510873, 
0.605874724210021, 0.787307286807375, -0.143967855726391, -0.723383923663804, 
-2.15170828276758, 0.152944589064728, 1.26612574291336, -0.985449046158464, 
-0.0719851494755352, -2.0944629727356, 0.275908182187867, 1.07980301136428, 
-0.968530729256115, -0.170515726719053, -1.96848773187972, 0.202711280515011, 
0.949534285888865, -0.967137594946229, 0.0951592520253427, -1.72883671096152, 
0.837944230631336, 0.337091621853611, -1.0822113838913, -0.669184232735095, 
-1.60798041053301, 0.769561951957797, 0.164999003900561, -1.15983219863177, 
-0.796404841615487, -1.61215331066635, 0.635113627557493, 0.0989269725447427, 
-1.23511442683653, -0.518564154716084, -0.945058954930204, 0.611113877531617, 
0.395506008985725, -0.7042735603134, 0.577041955558222, -0.778636206966001, 
0.729747327058487, 0.323473527730221, -0.656675765564712, 0.518904990604531, 
-0.76325689496795, 0.605607168118767, 0.319650319025802, -0.744130375480865, 
0.731117225416836, -0.538392685055413, 2.15922280323856, 1.08536111348953, 
1.05370924341686, -1.47562872777233, -0.498395908229507, 2.26357227960777, 
1.06977874048979, 1.08824072039371, -1.59615173420498, -0.546024051998585, 
2.18910558234737, 1.15280953389849, 0.913009744288653, -1.30767240619909, 
-0.51556909579278, 0.119565346192697, 0.580175590236704, -0.247189997438837, 
-0.570717265236217, -0.537200814386968, 0.164226122529396, 0.479220442273277, 
-0.344722302062202, -0.553383772832708, -0.647620518632935, 0.104782985834228, 
0.368867420269981, -0.479562138977201, -0.476632635605101, -1.55988962497577, 
1.21220555615678, 1.02255801325153, -0.531170314357627, 0.211782165222141, 
-1.57330102986401, 1.17320559714568, 0.934653917522586, -0.603354016982225, 
-0.00131995716188344, -1.39260371821422, 1.04898841886247, 0.732858149787805, 
-0.669883873660721, 0.3373514088933, -1.85850588430367, 1.31822771705414, 
0.956119762721544, -0.786572125379531, 0.16911667845849, -1.92910551015175, 
1.23010756410188, 0.90324463229729, -0.893195579062111, 0.0667741091200119, 
-1.76732549648766, 1.10564719959542, 0.8097182412309, -0.899511238217719, 
0.348640018495136, -0.247732277369071, 0.777620177997838, 0.464582116124311, 
-0.487660641726193, 1.5933101070311, -0.0386421482259453, 0.856320622455665, 
0.325256896552298, -0.525716167366878, 1.6493987394378, -0.163134695957195, 
0.760761738959345, 0.284345194312601, -0.573287031577318, 1.7170878884502, 
-1.76314224102796, 0.401084449889003, -0.116880732446073, 0.966406379087751, 
-0.297651237631269, -1.62935401201141, 0.483365130283541, -0.229609820457269, 
0.877780209872115, -0.167643001212628, -1.71787853438521, 0.386363254740158, 
-0.205275621931453, 0.84320983434766, 0.0508531295785501, -0.490164011461047, 
1.39822368530623, 1.17208228692028, -0.732569967622344, -0.197943273199588, 
-0.378854099810347, 1.52906835749574, 1.16608716716027, -0.633965441157935, 
-0.346522847421588, -0.42938624992907, 1.43281775339073, 1.16866744346517, 
-0.676563299007903, -0.0570938123681097, 0.0507925068964307, 
1.19247516382992, 0.726760888984003, 0.580679684123582, 0.018599880604777, 
0.0639811208217198, 1.06872366666942, 0.739736119404418, 0.529498426667632, 
0.0892548179752356, 0.0636524397978882, 1.25306752512175, 0.813959339736589, 
0.55224042852683, 0.126150472438275, 1.69857440567153, 1.86371161334284, 
0.163216683896569, -0.138458628569939, -0.947400308379385, 1.61909649913478, 
1.70518032056465, 0.136773467233515, -0.257055988727947, -0.929157013960088, 
1.66554662799602, 1.92330208896393, 0.0500534192096617, -0.290263014388235, 
-0.9047295418476, -0.231054640941333, 1.10221462745859, 1.33757902253451, 
0.154806941360634, -2.16217244403172, -0.280160519357689, 1.22443259951745, 
1.25763653689425, 0.167329486605145, -2.27226129770493, -0.204930591273596, 
1.54731344561071, 1.33876142031914, 0.204288987060037, -1.97806978885376, 
-1.50905920146531, 2.23433987059244, -0.33156847922258, -0.727559679523955, 
0.754232949786099, -1.44488962614963, 2.29953168444193, -0.300325456252604, 
-0.705747777736138, 1.08411468258286, -1.50315375710877, 2.16034171600734, 
-0.306156363995134, -0.624137011297535, 1.26724736825253, 0.9028092355393, 
2.49498406600896, -0.0618299425775291, 0.277932064940345, 1.06127322026996, 
0.813889082679555, 2.37176496934581, -0.117184064573534, 0.143832196094261, 
1.14512303413254, 0.856032806796481, 2.55691955211792, -0.117952746082932, 
0.0836465683218172, 1.07995143623901, -0.0199043036638324, 1.1719058057911, 
0.254996293922514, 0.463460004070811, -0.979525674275191, 0.106771306005658, 
1.13428689447367, 0.167790814752785, 0.568157870065377, -1.2212042024811, 
-0.177599745962227, 1.22572698705392, 0.238340044378015, 0.384252650214501, 
-1.36807722704145), .Dim = c(5L, 51L))
