tau <-
150
ksi <-
0.1
sigma <-
c(0.6, 0.6, 0.6, 0.6, 0.6)
lambda <-
c(0.2, 0.2, 0.2, 0.2, 0.2)
mu <-
c(0, 0, 0, 0, 0)
mu_t <-
structure(c(0.426564770837557, 19.2237510464116, 40.5073637117527, 
8.58272350882255, 18.4332948516455, 0.390052120925093, 19.2174628405076, 
40.5088818829224, 8.56140405822081, 18.4369923820832, 0.240731153504254, 
19.140792112016, 40.5152397465282, 8.60979859648199, 18.5301625948556
), .Dim = c(5L, 3L))
alpha_s <-
structure(c(-1.13896952534958, 0.946303087116913, -0.376925841263923, 
0.0742419098749163, -0.0114981721988472, -0.722989525087599, 
1.60582351999131, -0.78086734462977, -0.12582955268248, 1.04085401439318, 
0.987383494049449, 0.762171379981739, -0.220045746016828, -0.557806493189657, 
0.0119466602540425, 1.27398026366446, 0.593392845607538, -0.12680204711575, 
0.0496235369070219, -1.43668976826685, -0.868080981519461, 1.45474369047592, 
0.493977792373269, -0.175277962131545, 1.38938488621098, 0.208602783968226, 
1.00172747348682, -0.405563523030401, 0.409919065864187, 0.488462762109719, 
-0.0984401783735216, 0.822484698631915, 0.404003366106879, -0.3533802465046, 
0.869391397524161, 0.107252782644229, 2.09522846932984, -0.884346406162053, 
0.226371181901642, 0.430002111256194, 1.26227120397548, 2.34601067875965, 
-0.0631632944226072, -1.49592671575376, 0.368196117473784, 0.822561318362427, 
0.166414550760932, 0.0923465521817903, 0.584519292538229, -2.00080136993992, 
0.715244681923267, 1.83180490925013, 0.37739668509509, -0.0877845249467485, 
1.3478229054491, 0.890618554859222, 1.33936766488072, 0.252433498202249, 
0.00981853115504746, -1.45482985398651, 1.74781079467176, 1.92013767239256, 
0.962669232418556, -0.380287976226778, 0.959254544907553, -0.506458662561057, 
0.692151040548656, -0.620692660360069, 0.194493700779703, 0.132117528677966, 
0.330278861530843, 2.40968930664424, -0.451390611544989, -0.324578217929948, 
-0.340673730095703, -0.740113487264221, 1.46152369404608, -0.371882807485921, 
0.396307089289562, -0.516459235373375, 1.4407715903637, 0.740673948063547, 
0.160354507493096, 0.140069406386762, -1.07282598090572), .Dim = c(5L, 
17L))
alpha_t <-
structure(c(0.627006372454053, 0.162041654944069, -0.739214953964359, 
-0.572403791677556, 0.653030942603448, 0.562491311227954, -0.248130667565315, 
-0.585554299274615, 1.04958215360709, 1.87402601800178, -1.22251865586488, 
-1.63499252051511, -0.435350967832409, -0.188261928195286, 0.233743124667907, 
0.147270278132917, -0.201674849120744, -1.15513723559513, 0.456478067686961, 
0.26199597536265, -0.345366942191984, -1.03393956369667, -0.0829004277890601, 
0.266475944067531, 0.719948672381327, 0.192306102050446, 0.222575354562704, 
-0.31368752113045, 0.306119639041356, 0.827982452131893, 0.25552466792762, 
0.666606145861585, 0.500838739244974, 1.51735807827197, 0.737511174923477, 
1.37736749603311, -0.153294509384043, 0.162174459203002, 1.26856183588245, 
1.79683502173093, -0.967429152109834, -0.723909493280345, 0.250418517185012, 
0.577099887463877, -0.625563563570948, -1.34508250931493, 0.0301523255635877, 
-0.809123458773118, -0.865250677539429, -1.16007129696361, -1.18310821943306, 
-1.72330570222733, -0.216763551067748, 0.788599657344401, -0.278858930208845, 
-0.419696943711872, -0.0300348409409649, -0.800988746184998, 
0.758963376926406, 0.488787229432717, -0.662474372916734, -1.04015728354206, 
0.319084473837535, 1.20369846134374, 0.0559493076042739, -0.804376335518385, 
-0.361483968486931, -0.79405987401501, 0.316234342565096, -0.642124413487955, 
-0.716017665269628, -0.950174093476986, -0.291775912236226, 0.401335675507892, 
-0.681860895020494, -1.17533630969452, -0.00592333065139778, 
-0.00760174607763885, 0.172601214185953, 0.279449083206412, -0.521786831046328, 
-1.34397253180624, -0.313995897701157, 0.619076978943197, -0.100117531215947, 
0.190238209405278, 0.0169783871065642, -0.20631223859598, -0.320160810083883, 
0.130985766246478, 0.0944506437330805, 0.316131304377703, 0.508047880547601, 
2.04549201285576, 0.446600769878874, 0.703540842686168, -0.511944910940495, 
-0.143967401334331, 0.964092810968979, 1.78880118359978, -0.83047673423125, 
-2.57772234775674, 0.198163395414537, 0.296739376940335, 0.367535834036377, 
0.0255990513357097, -0.869197740789013, -1.70411914334825, 0.292209176049089, 
0.545005038954536, -0.323425218441453, -1.3767188457452, -0.243113066666736, 
0.913900317014136, 0.225749036880276, 0.0904033116880938, -0.181674077678005, 
-0.4155295043547, 0.794040092653092, 0.708005058197613, -0.0595275959231452, 
-0.983304457550278, -0.206886661184195, 1.00647452395932, 0.676714926171103, 
0.141909632798969, -0.0281858784035492, -0.149926753475642, 0.154401772371049, 
0.869274414553981, -0.566458826036275, -0.349587684179364, -0.10990777156392, 
1.19088641343622, 0.371761634740548, 0.0737401052955671, 0.124984466211474, 
-0.602204153406401, 1.58130029324176, 1.41335167576286, -0.228600249632203, 
-0.296393453296937, -0.12485685294854, 1.13444664242649, 0.239270955449502, 
0.207559702841663, -0.341739761785269, -0.590913132175476, 0.733731017289353, 
0.555230187357307, 0.093574530168848, -0.0271315156815794, 0.384556536615636, 
1.50970208549248, 0.86063381314616, 1.38151151537661, -0.827801162597177, 
-0.967894503856009, 1.77004344317825, 2.36943350733219, -0.354932271138338, 
-0.389710639889272, 0.58077940284366, 1.19844070920701, 1.00755716891794, 
1.0942299179361, -0.171225289970182, 0.670872257424933, 0.487285158431396, 
1.39702263621302), .Dim = c(10L, 17L))
